NUM_Segment = 100000000
NUM_THREADS = 10
Running time per thread:
id: 0 time: 1.5253530000
id: 1 time: 1.5262390000
id: 2 time: 1.5215370000
id: 3 time: 1.5116270000
id: 4 time: 1.5080990000
id: 5 time: 1.5116850000
id: 6 time: 1.5133640000
id: 7 time: 1.5117760000
id: 8 time: 1.5114120000
id: 9 time: 1.5061540000
ans = 3.1415926636
total time: 1.5326630000
